4,1,s11e############################,01111111111111111111111111111111
21,1,s1111111111111111111e###########,01111111111111111111111111111111
11,1,s111111111e#####################,01111111111111111111111111111111
20,1,s111111111111111111e############,01111111111111111111111111111111
17,1,s111111111111111e###############,01111111111111111111111111111111
6,1,s1111e##########################,01111111111111111111111111111111
14,1,s111111111111e##################,01111111111111111111111111111111
24,1,s1111111111111111111111e########,01111111111111111111111111111111
8,1,s111111e########################,01111111111111111111111111111111
18,1,s1111111111111111e##############,01111111111111111111111111111111
30,1,s1111111111111111111111111111e##,01111111111111111111111111111111
7,1,s11111e#########################,01111111111111111111111111111111
23,1,s111111111111111111111e#########,01111111111111111111111111111111
5,1,s111e###########################,01111111111111111111111111111111
27,1,s1111111111111111111111111e#####,01111111111111111111111111111111
12,1,s1111111111e####################,01111111111111111111111111111111
15,1,s1111111111111e#################,01111111111111111111111111111111
28,1,s11111111111111111111111111e####,01111111111111111111111111111111
25,1,s11111111111111111111111e#######,01111111111111111111111111111111
19,1,s11111111111111111e#############,01111111111111111111111111111111
3,1,s1e#############################,01111111111111111111111111111111
16,1,s11111111111111e################,01111111111111111111111111111111
13,1,s11111111111e###################,01111111111111111111111111111111
9,1,s1111111e#######################,01111111111111111111111111111111
22,1,s11111111111111111111e##########,01111111111111111111111111111111
32,1,s111111111111111111111111111111e,01111111111111111111111111111111
10,1,s11111111e######################,01111111111111111111111111111111
29,1,s111111111111111111111111111e###,01111111111111111111111111111111
26,1,s111111111111111111111111e######,01111111111111111111111111111111
31,1,s11111111111111111111111111111e#,01111111111111111111111111111111
