107,1,s111111111111111111111111111111111111111111111111111111111111111111111111111111111111111111111111111111111e#####################,01111111111111111111111111111111111111111111111111111111111111111111111111111111111111111111111111111111111111111111111111111111
75,1,s1111111111111111111111111111111111111111111111111111111111111111111111111e#####################################################,01111111111111111111111111111111111111111111111111111111111111111111111111111111111111111111111111111111111111111111111111111111
91,1,s11111111111111111111111111111111111111111111111111111111111111111111111111111111111111111e#####################################,01111111111111111111111111111111111111111111111111111111111111111111111111111111111111111111111111111111111111111111111111111111
97,1,s11111111111111111111111111111111111111111111111111111111111111111111111111111111111111111111111e###############################,01111111111111111111111111111111111111111111111111111111111111111111111111111111111111111111111111111111111111111111111111111111
95,1,s111111111111111111111111111111111111111111111111111111111111111111111111111111111111111111111e#################################,01111111111111111111111111111111111111111111111111111111111111111111111111111111111111111111111111111111111111111111111111111111
66,1,s1111111111111111111111111111111111111111111111111111111111111111e##############################################################,01111111111111111111111111111111111111111111111111111111111111111111111111111111111111111111111111111111111111111111111111111111
71,1,s111111111111111111111111111111111111111111111111111111111111111111111e#########################################################,01111111111111111111111111111111111111111111111111111111111111111111111111111111111111111111111111111111111111111111111111111111
116,1,s111111111111111111111111111111111111111111111111111111111111111111111111111111111111111111111111111111111111111111e############,01111111111111111111111111111111111111111111111111111111111111111111111111111111111111111111111111111111111111111111111111111111
103,1,s11111111111111111111111111111111111111111111111111111111111111111111111111111111111111111111111111111e#########################,01111111111111111111111111111111111111111111111111111111111111111111111111111111111111111111111111111111111111111111111111111111
93,1,s1111111111111111111111111111111111111111111111111111111111111111111111111111111111111111111e###################################,01111111111111111111111111111111111111111111111111111111111111111111111111111111111111111111111111111111111111111111111111111111
98,1,s111111111111111111111111111111111111111111111111111111111111111111111111111111111111111111111111e##############################,01111111111111111111111111111111111111111111111111111111111111111111111111111111111111111111111111111111111111111111111111111111
109,1,s11111111111111111111111111111111111111111111111111111111111111111111111111111111111111111111111111111111111e###################,01111111111111111111111111111111111111111111111111111111111111111111111111111111111111111111111111111111111111111111111111111111
127,1,s11111111111111111111111111111111111111111111111111111111111111111111111111111111111111111111111111111111111111111111111111111e#,01111111111111111111111111111111111111111111111111111111111111111111111111111111111111111111111111111111111111111111111111111111
115,1,s11111111111111111111111111111111111111111111111111111111111111111111111111111111111111111111111111111111111111111e#############,01111111111111111111111111111111111111111111111111111111111111111111111111111111111111111111111111111111111111111111111111111111
85,1,s11111111111111111111111111111111111111111111111111111111111111111111111111111111111e###########################################,01111111111111111111111111111111111111111111111111111111111111111111111111111111111111111111111111111111111111111111111111111111
118,1,s11111111111111111111111111111111111111111111111111111111111111111111111111111111111111111111111111111111111111111111e##########,01111111111111111111111111111111111111111111111111111111111111111111111111111111111111111111111111111111111111111111111111111111
88,1,s11111111111111111111111111111111111111111111111111111111111111111111111111111111111111e########################################,01111111111111111111111111111111111111111111111111111111111111111111111111111111111111111111111111111111111111111111111111111111
99,1,s1111111111111111111111111111111111111111111111111111111111111111111111111111111111111111111111111e#############################,01111111111111111111111111111111111111111111111111111111111111111111111111111111111111111111111111111111111111111111111111111111
96,1,s1111111111111111111111111111111111111111111111111111111111111111111111111111111111111111111111e################################,01111111111111111111111111111111111111111111111111111111111111111111111111111111111111111111111111111111111111111111111111111111
105,1,s1111111111111111111111111111111111111111111111111111111111111111111111111111111111111111111111111111111e#######################,01111111111111111111111111111111111111111111111111111111111111111111111111111111111111111111111111111111111111111111111111111111
78,1,s1111111111111111111111111111111111111111111111111111111111111111111111111111e##################################################,01111111111111111111111111111111111111111111111111111111111111111111111111111111111111111111111111111111111111111111111111111111
124,1,s11111111111111111111111111111111111111111111111111111111111111111111111111111111111111111111111111111111111111111111111111e####,01111111111111111111111111111111111111111111111111111111111111111111111111111111111111111111111111111111111111111111111111111111
72,1,s1111111111111111111111111111111111111111111111111111111111111111111111e########################################################,01111111111111111111111111111111111111111111111111111111111111111111111111111111111111111111111111111111111111111111111111111111
112,1,s11111111111111111111111111111111111111111111111111111111111111111111111111111111111111111111111111111111111111e################,01111111111111111111111111111111111111111111111111111111111111111111111111111111111111111111111111111111111111111111111111111111
114,1,s1111111111111111111111111111111111111111111111111111111111111111111111111111111111111111111111111111111111111111e##############,01111111111111111111111111111111111111111111111111111111111111111111111111111111111111111111111111111111111111111111111111111111
111,1,s1111111111111111111111111111111111111111111111111111111111111111111111111111111111111111111111111111111111111e#################,01111111111111111111111111111111111111111111111111111111111111111111111111111111111111111111111111111111111111111111111111111111
120,1,s1111111111111111111111111111111111111111111111111111111111111111111111111111111111111111111111111111111111111111111111e########,01111111111111111111111111111111111111111111111111111111111111111111111111111111111111111111111111111111111111111111111111111111
81,1,s1111111111111111111111111111111111111111111111111111111111111111111111111111111e###############################################,01111111111111111111111111111111111111111111111111111111111111111111111111111111111111111111111111111111111111111111111111111111
104,1,s111111111111111111111111111111111111111111111111111111111111111111111111111111111111111111111111111111e########################,01111111111111111111111111111111111111111111111111111111111111111111111111111111111111111111111111111111111111111111111111111111
121,1,s11111111111111111111111111111111111111111111111111111111111111111111111111111111111111111111111111111111111111111111111e#######,01111111111111111111111111111111111111111111111111111111111111111111111111111111111111111111111111111111111111111111111111111111
87,1,s1111111111111111111111111111111111111111111111111111111111111111111111111111111111111e#########################################,01111111111111111111111111111111111111111111111111111111111111111111111111111111111111111111111111111111111111111111111111111111
126,1,s1111111111111111111111111111111111111111111111111111111111111111111111111111111111111111111111111111111111111111111111111111e##,01111111111111111111111111111111111111111111111111111111111111111111111111111111111111111111111111111111111111111111111111111111
108,1,s1111111111111111111111111111111111111111111111111111111111111111111111111111111111111111111111111111111111e####################,01111111111111111111111111111111111111111111111111111111111111111111111111111111111111111111111111111111111111111111111111111111
76,1,s11111111111111111111111111111111111111111111111111111111111111111111111111e####################################################,01111111111111111111111111111111111111111111111111111111111111111111111111111111111111111111111111111111111111111111111111111111
74,1,s111111111111111111111111111111111111111111111111111111111111111111111111e######################################################,01111111111111111111111111111111111111111111111111111111111111111111111111111111111111111111111111111111111111111111111111111111
79,1,s11111111111111111111111111111111111111111111111111111111111111111111111111111e#################################################,01111111111111111111111111111111111111111111111111111111111111111111111111111111111111111111111111111111111111111111111111111111
117,1,s1111111111111111111111111111111111111111111111111111111111111111111111111111111111111111111111111111111111111111111e###########,01111111111111111111111111111111111111111111111111111111111111111111111111111111111111111111111111111111111111111111111111111111
82,1,s11111111111111111111111111111111111111111111111111111111111111111111111111111111e##############################################,01111111111111111111111111111111111111111111111111111111111111111111111111111111111111111111111111111111111111111111111111111111
128,1,s111111111111111111111111111111111111111111111111111111111111111111111111111111111111111111111111111111111111111111111111111111e,01111111111111111111111111111111111111111111111111111111111111111111111111111111111111111111111111111111111111111111111111111111
83,1,s111111111111111111111111111111111111111111111111111111111111111111111111111111111e#############################################,01111111111111111111111111111111111111111111111111111111111111111111111111111111111111111111111111111111111111111111111111111111
86,1,s111111111111111111111111111111111111111111111111111111111111111111111111111111111111e##########################################,01111111111111111111111111111111111111111111111111111111111111111111111111111111111111111111111111111111111111111111111111111111
100,1,s11111111111111111111111111111111111111111111111111111111111111111111111111111111111111111111111111e############################,01111111111111111111111111111111111111111111111111111111111111111111111111111111111111111111111111111111111111111111111111111111
80,1,s111111111111111111111111111111111111111111111111111111111111111111111111111111e################################################,01111111111111111111111111111111111111111111111111111111111111111111111111111111111111111111111111111111111111111111111111111111
90,1,s1111111111111111111111111111111111111111111111111111111111111111111111111111111111111111e######################################,01111111111111111111111111111111111111111111111111111111111111111111111111111111111111111111111111111111111111111111111111111111
106,1,s11111111111111111111111111111111111111111111111111111111111111111111111111111111111111111111111111111111e######################,01111111111111111111111111111111111111111111111111111111111111111111111111111111111111111111111111111111111111111111111111111111
67,1,s11111111111111111111111111111111111111111111111111111111111111111e#############################################################,01111111111111111111111111111111111111111111111111111111111111111111111111111111111111111111111111111111111111111111111111111111
94,1,s11111111111111111111111111111111111111111111111111111111111111111111111111111111111111111111e##################################,01111111111111111111111111111111111111111111111111111111111111111111111111111111111111111111111111111111111111111111111111111111
113,1,s111111111111111111111111111111111111111111111111111111111111111111111111111111111111111111111111111111111111111e###############,01111111111111111111111111111111111111111111111111111111111111111111111111111111111111111111111111111111111111111111111111111111
92,1,s111111111111111111111111111111111111111111111111111111111111111111111111111111111111111111e####################################,01111111111111111111111111111111111111111111111111111111111111111111111111111111111111111111111111111111111111111111111111111111
73,1,s11111111111111111111111111111111111111111111111111111111111111111111111e#######################################################,01111111111111111111111111111111111111111111111111111111111111111111111111111111111111111111111111111111111111111111111111111111
123,1,s1111111111111111111111111111111111111111111111111111111111111111111111111111111111111111111111111111111111111111111111111e#####,01111111111111111111111111111111111111111111111111111111111111111111111111111111111111111111111111111111111111111111111111111111
70,1,s11111111111111111111111111111111111111111111111111111111111111111111e##########################################################,01111111111111111111111111111111111111111111111111111111111111111111111111111111111111111111111111111111111111111111111111111111
89,1,s111111111111111111111111111111111111111111111111111111111111111111111111111111111111111e#######################################,01111111111111111111111111111111111111111111111111111111111111111111111111111111111111111111111111111111111111111111111111111111
69,1,s1111111111111111111111111111111111111111111111111111111111111111111e###########################################################,01111111111111111111111111111111111111111111111111111111111111111111111111111111111111111111111111111111111111111111111111111111
110,1,s111111111111111111111111111111111111111111111111111111111111111111111111111111111111111111111111111111111111e##################,01111111111111111111111111111111111111111111111111111111111111111111111111111111111111111111111111111111111111111111111111111111
122,1,s111111111111111111111111111111111111111111111111111111111111111111111111111111111111111111111111111111111111111111111111e######,01111111111111111111111111111111111111111111111111111111111111111111111111111111111111111111111111111111111111111111111111111111
65,1,s111111111111111111111111111111111111111111111111111111111111111e###############################################################,01111111111111111111111111111111111111111111111111111111111111111111111111111111111111111111111111111111111111111111111111111111
68,1,s111111111111111111111111111111111111111111111111111111111111111111e############################################################,01111111111111111111111111111111111111111111111111111111111111111111111111111111111111111111111111111111111111111111111111111111
102,1,s1111111111111111111111111111111111111111111111111111111111111111111111111111111111111111111111111111e##########################,01111111111111111111111111111111111111111111111111111111111111111111111111111111111111111111111111111111111111111111111111111111
119,1,s111111111111111111111111111111111111111111111111111111111111111111111111111111111111111111111111111111111111111111111e#########,01111111111111111111111111111111111111111111111111111111111111111111111111111111111111111111111111111111111111111111111111111111
84,1,s1111111111111111111111111111111111111111111111111111111111111111111111111111111111e############################################,01111111111111111111111111111111111111111111111111111111111111111111111111111111111111111111111111111111111111111111111111111111
125,1,s111111111111111111111111111111111111111111111111111111111111111111111111111111111111111111111111111111111111111111111111111e###,01111111111111111111111111111111111111111111111111111111111111111111111111111111111111111111111111111111111111111111111111111111
77,1,s111111111111111111111111111111111111111111111111111111111111111111111111111e###################################################,01111111111111111111111111111111111111111111111111111111111111111111111111111111111111111111111111111111111111111111111111111111
101,1,s111111111111111111111111111111111111111111111111111111111111111111111111111111111111111111111111111e###########################,01111111111111111111111111111111111111111111111111111111111111111111111111111111111111111111111111111111111111111111111111111111
