43,1,s11111111111111111111111111111111111111111e#####################,0111111111111111111111111111111111111111111111111111111111111111
35,1,s111111111111111111111111111111111e#############################,0111111111111111111111111111111111111111111111111111111111111111
49,1,s11111111111111111111111111111111111111111111111e###############,0111111111111111111111111111111111111111111111111111111111111111
38,1,s111111111111111111111111111111111111e##########################,0111111111111111111111111111111111111111111111111111111111111111
60,1,s1111111111111111111111111111111111111111111111111111111111e####,0111111111111111111111111111111111111111111111111111111111111111
42,1,s1111111111111111111111111111111111111111e######################,0111111111111111111111111111111111111111111111111111111111111111
57,1,s1111111111111111111111111111111111111111111111111111111e#######,0111111111111111111111111111111111111111111111111111111111111111
41,1,s111111111111111111111111111111111111111e#######################,0111111111111111111111111111111111111111111111111111111111111111
48,1,s1111111111111111111111111111111111111111111111e################,0111111111111111111111111111111111111111111111111111111111111111
56,1,s111111111111111111111111111111111111111111111111111111e########,0111111111111111111111111111111111111111111111111111111111111111
51,1,s1111111111111111111111111111111111111111111111111e#############,0111111111111111111111111111111111111111111111111111111111111111
62,1,s111111111111111111111111111111111111111111111111111111111111e##,0111111111111111111111111111111111111111111111111111111111111111
54,1,s1111111111111111111111111111111111111111111111111111e##########,0111111111111111111111111111111111111111111111111111111111111111
63,1,s1111111111111111111111111111111111111111111111111111111111111e#,0111111111111111111111111111111111111111111111111111111111111111
34,1,s11111111111111111111111111111111e##############################,0111111111111111111111111111111111111111111111111111111111111111
64,1,s11111111111111111111111111111111111111111111111111111111111111e,0111111111111111111111111111111111111111111111111111111111111111
44,1,s111111111111111111111111111111111111111111e####################,0111111111111111111111111111111111111111111111111111111111111111
37,1,s11111111111111111111111111111111111e###########################,0111111111111111111111111111111111111111111111111111111111111111
47,1,s111111111111111111111111111111111111111111111e#################,0111111111111111111111111111111111111111111111111111111111111111
46,1,s11111111111111111111111111111111111111111111e##################,0111111111111111111111111111111111111111111111111111111111111111
53,1,s111111111111111111111111111111111111111111111111111e###########,0111111111111111111111111111111111111111111111111111111111111111
59,1,s111111111111111111111111111111111111111111111111111111111e#####,0111111111111111111111111111111111111111111111111111111111111111
40,1,s11111111111111111111111111111111111111e########################,0111111111111111111111111111111111111111111111111111111111111111
61,1,s11111111111111111111111111111111111111111111111111111111111e###,0111111111111111111111111111111111111111111111111111111111111111
52,1,s11111111111111111111111111111111111111111111111111e############,0111111111111111111111111111111111111111111111111111111111111111
39,1,s1111111111111111111111111111111111111e#########################,0111111111111111111111111111111111111111111111111111111111111111
36,1,s1111111111111111111111111111111111e############################,0111111111111111111111111111111111111111111111111111111111111111
45,1,s1111111111111111111111111111111111111111111e###################,0111111111111111111111111111111111111111111111111111111111111111
50,1,s111111111111111111111111111111111111111111111111e##############,0111111111111111111111111111111111111111111111111111111111111111
33,1,s1111111111111111111111111111111e###############################,0111111111111111111111111111111111111111111111111111111111111111
55,1,s11111111111111111111111111111111111111111111111111111e#########,0111111111111111111111111111111111111111111111111111111111111111
58,1,s11111111111111111111111111111111111111111111111111111111e######,0111111111111111111111111111111111111111111111111111111111111111
